[0, 0, 0, 4, 51, 6, -35, -113, -43, 64, -85, -19]
[0, 0, 0, 10, -20, -81, 11, -96, 67, -54, -120, 41, -119, -84, -126, -10, -21, 72, 61, -84]
[0, 0, 0, 8, 59, -44, -60, -54, -119, 72, -3, 72]
[0, 0, 0, 18, 104, -119, -27, -54, 29, 79, -96, 51, 46, -40, 25, -5, 103, -86, 48, -45, 9, -64, -25, 64, -96, 60, 125, -109]
[0, 0, 0, 35, -93, 22, 79, 34, -57, 68, -4, 99, -94, -60, 36, -128, -77, -103, -12, 84, 8, -104, 106, -72, -32, -105, -80, -68, -69, -56, -39, -76, 83, 80, -17, 44, 51, -105, -89, -73, 64, 91, 46, 41]
[0, 0, 0, 13, 103, 50, -20, -49, 113, -97, 26, -96, -124, -11, -50, -46, -48, 122, 102, 106]
[0, 0, 0, 20, 25, -1, -113, -101, 114, 48, -84, 115, 30, -70, 62, 9, 77, 58, -108, 65, -13, -105, -24, -12, -31, -38, 99, -117]
[0, 0, 0, 20, 80, 7, -42, 85, 34, 69, 8, 32, -43, -90, 7, 23, -48, 8, -74, 88, -32, -107, -112, -25, -56, -61, 103, -30]
[0, 0, 0, 2, -89, -85, -95, 73, -96, -118, -45, -17]
[0, 0, 0, 48, 110, 122, 37, 35, 43, -20, -42, -58, 110, -120, -39, 112, 8, 70, -125, -83, 10, -59, 59, -75, 125, 77, -84, -110, 123, 51, -26, -25, 69, -64, 70, 74, -17, 44, -13, 9, -49, 105, -51, -67, -22, -92, -126, -117, 83, -27, 50, 4]
[0, 0, 0, 53, 22, 25, -57, -116, 123, 21, -3, -126, -92, -18, 29, 65, 55, 68, -54, -71, -17, 67, -53, 103, -84, 78, -47, 82, 42, -76, 80, 115, -21, -75, 12, -111, -4, 10, -108, -14, 101, -101, 3, 60, 125, 74, -96, 71, -52, -54, 100, -64, 28, -83, 32, 78, 43, 42, 80, 45]
[0, 0, 0, 56, 82, -101, 91, -96, 78, 29, -10, 106, 14, 126, -95, -28, 54, -61, -9, 77, 105, 43, 4, 90, 69, 29, -40, -104, 51, -9, -97, -18, 70, 66, -67, 4, 50, -81, 8, -121, -71, 113, -5, -72, -128, -73, 115, 108, -17, 84, 126, 4, -32, 93, -56, -52, 57, 24, -94, 47]
[0, 0, 0, 41, 101, 99, -88, 4, 44, -20, 21, -100, 124, 46, -90, -81, -60, -128, -16, -46, 109, 55, 3, -46, 42, 3, -102, 102, 38, 63, -95, -35, -106, 41, 43, -77, -23, 29, 31, -43, -82, -55, 93, -78, 4, 25, 36, -66, -43, -104, 60, 15]
[0, 0, 0, 48, -70, -104, -59, -67, -110, -67, 91, 67, 39, -11, -88, -77, 109, -92, 14, 43, -14, -81, -95, 97, 45, -125, -33, 11, 117, -74, -91, 5, -10, -102, 78, -25, 101, -56, 114, -56, -62, -59, -61, 35, -125, -67, 38, 75, -112, 73, -110, 93]
[0, 0, 0, 48, -108, 46, -30, -63, 52, 25, -89, 92, -109, -107, 29, -84, -108, 123, -81, 124, 23, 47, 7, 30, -103, -99, -123, -94, -87, -95, 11, -8, 65, 82, 123, -53, -48, -27, 104, 27, 105, 15, 19, -42, 5, -28, 120, -73, 91, -2, 42, -92]
[0, 0, 0, 41, -110, 63, 106, -41, 58, 35, -117, -65, 111, -123, -54, -57, 48, 82, -112, 121, 103, 107, -93, -92, 45, -106, -121, 17, -29, 104, -23, 22, 19, 22, -4, -11, 61, -58, -4, 123, 47, 126, 67, 49, 109, 85, 52, 95, -37, 41, -115, -33]
[0, 0, 0, 41, 97, -35, -3, 40, 65, -68, -13, -89, 67, 108, 83, 32, -4, 14, 14, -41, 70, -20, -50, -25, -30, -40, 39, 21, 62, 35, 127, -11, 91, 49, -126, -94, 91, -43, -37, -125, -92, -80, -1, 28, 109, 85, 52, 95, -37, 41, -115, -33]
[0, 0, 0, 44, -12, 94, 100, 62, -105, -91, -70, 70, -44, -43, -56, 53, -117, 1, 36, -57, -46, -113, 115, 125, 48, 61, -27, 95, -52, -109, -66, -10, 75, 113, -15, -91, -34, -46, -18, 17, 113, -28, -14, 7, 69, 31, -23, -94, 50, -56, 12, 25]
[0, 0, 0, 33, 96, 105, -21, 55, -77, -128, -63, 8, -71, 0, 59, -102, -17, 68, 1, 77, 85, 70, -4, 61, 29, 54, 72, -115, -110, 64, 111, 109, -25, -111, 59, -86, 109, 4, -106, -124, 97, -68, -64, -86]
[0, 0, 0, 47, -4, 56, -99, 26, -46, -45, -122, 39, -99, -51, -18, -45, -76, 55, -73, -31, -30, 14, -127, -26, 26, -67, -125, -118, -4, 4, 41, -41, 45, 81, 38, -26, -104, -98, 109, 52, -28, 32, -67, -41, -115, -103, -16, 5, 75, 121, -53, 109]
[0, 0, 0, 58, 110, -89, 37, 32, 52, -34, 116, 100, -44, -36, 30, -88, -106, -32, -72, 25, 64, 92, 102, -7, -20, -125, 72, -30, 123, -31, 53, 83, -32, 100, 19, 116, 105, -123, -21, 10, 26, -64, -21, 0, 40, 17, -120, 44, -53, 56, -83, -15, -4, 101, -88, 91, -52, 62, 74, 8, -2, -52, 110, -28, 44, -54, 87, -56]
[0, 0, 0, 57, -19, -104, -21, 58, 50, -10, 68, 125, 64, 33, 101, -108, -110, 84, 122, 123, 105, -69, 47, 10, -39, 27, 47, -55, -33, 69, -5, -55, 122, -71, -57, -89, 112, 44, 60, -9, -87, 91, -83, 124, 68, 64, 2, -75, -2, 83, -96, 105, 15, -31, 91, 26, 114, -49, 103, 105, 127, 83, 23, 83, -74, 58, 77, -54]
[0, 0, 0, 83, -4, 56, -99, 26, -46, -45, -122, 39, -87, 9, 51, -25, -2, -94, 94, -90, 64, 92, 102, -7, -20, -125, 72, -30, 104, 123, -38, 7, -114, 6, -126, 5, -15, -127, -59, 52, 38, 108, -7, -9, 22, 68, 102, 119, -87, 20, 60, 76, 71, 14, -82, 44, -118, -72, -128, 115, 66, 97, -82, -119, 27, -125, 112, -57, 17, 112, -42, 80, -26, -13, 52, -1, 106, 83, 70, -68, 23, 98, 81, 11, -12, -41, 27, 74, -63, 63, -76, -24]
[0, 0, 0, 46, -79, 72, 65, 13, -96, 14, -123, 77, 127, 56, 32, -47, 71, 3, -45, 115, -26, -6, 30, -89, 7, -92, 64, -83, -80, 120, -42, -4, -38, -83, 16, -11, 49, 1, -22, 66, 107, 89, -22, -65, 79, 75, -45, 39, 126, 23, 64, 56]
[0, 0, 0, 56, 119, -73, -91, -63, -57, -27, 6, -97, 8, -51, -114, -65, -88, -75, -86, -28, -61, 44, -107, 81, -36, 69, 8, 105, 83, 43, -111, -117, 124, 96, -55, -57, 113, 120, -31, -126, -34, 93, -90, 111, 34, -96, 48, 72, 106, 87, 8, -2, -61, -124, 119, 60, 64, -104, 86, 110]
[0, 0, 0, 49, 86, 100, -53, 13, 70, 92, -84, 10, -52, 104, 55, 39, 94, -38, -83, 12, 105, -5, 64, 90, 109, 62, 84, -125, 108, -23, 18, -35, -54, -21, 127, -103, -114, 119, 37, -127, -30, 94, 28, 81, 84, 3, 29, -125, 43, -62, 65, -42, 70, 108, -119, 43, 100, -41, -85, -113]
[0, 0, 0, 38, -23, 125, -38, -45, 7, 66, -107, 106, 122, 85, -95, 11, 6, -84, 54, 96, 53, -6, 109, -11, -13, 44, -117, 102, 41, -119, 84, -126, -58, 111, 2, 102, -118, 97, -47, 51, -20, 92, 120, -78]
[0, 0, 0, 54, -53, -28, 75, -75, 85, -125, 91, -68, 2, -61, 85, 100, -50, 36, -58, -43, -45, -26, -41, -96, -83, 63, -50, 115, 22, 34, 49, -102, 31, -81, 84, -46, -109, 35, -95, -50, 0, 90, -70, 25, -30, 69, -105, 16, 32, -20, 60, -48, -105, 66, 79, 64, 74, -12, -85, -15]
[0, 0, 0, 41, 23, 58, -62, -103, 99, -3, -50, 106, -40, -70, 110, -116, 25, 64, 86, -28, -51, 50, -11, 51, 39, 4, -79, 76, -58, 29, -38, -9, 54, 21, -112, 38, 90, 80, -48, -71, -18, -5, 91, 61, 127, 83, 23, 83, -74, 58, 77, -54]
[0, 0, 0, 49, 86, 100, -53, 13, 70, 92, -84, 10, -52, 104, 55, 39, 94, -38, -83, 12, 105, -5, 64, 90, 109, 62, 84, -125, 108, -23, 18, -35, -54, -21, 127, -103, -114, 119, 37, -127, -30, 94, 28, 81, 84, 3, 29, -125, 43, -62, 65, -42, 70, 108, -119, 43, 100, -41, -85, -113]
[0, 0, 0, 38, -23, 125, -38, -45, 7, 66, -107, 106, 122, 85, -95, 11, 6, -84, 54, 96, 53, -6, 109, -11, -13, 44, -117, 102, 41, -119, 84, -126, -58, 111, 2, 102, -118, 97, -47, 51, -20, 92, 120, -78]
[0, 0, 0, 54, -53, -28, 75, -75, 85, -125, 91, -68, 2, -61, 85, 100, -50, 36, -58, -43, -45, -26, -41, -96, -83, 63, -50, 115, 22, 34, 49, -102, 31, -81, 84, -46, -109, 35, -95, -50, 0, 90, -70, 25, -30, 69, -105, 16, 32, -20, 60, -48, -105, 66, 79, 64, 74, -12, -85, -15]
[0, 0, 0, 41, 23, 58, -62, -103, 99, -3, -50, 106, -40, -70, 110, -116, 25, 64, 86, -28, -51, 50, -11, 51, 39, 4, -79, 76, -58, 29, -38, -9, 54, 21, -112, 38, 90, 80, -48, -71, -18, -5, 91, 61, 127, 83, 23, 83, -74, 58, 77, -54]
[0, 0, 0, 10, 86, 100, -53, 13, 70, 92, -84, 10, -125, -7, -98, 80, 93, 79, 45, 75]
[0, 0, 0, 53, -90, 7, 49, 74, 41, -78, -68, 13, 37, -58, -36, -116, -102, 23, 26, 110, -37, -120, -45, 32, 33, -9, -58, -22, 84, -2, -114, -54, -110, -101, -36, 27, 60, -68, -44, -22, -98, -112, 15, -94, 70, 110, -112, -97, 114, 110, 110, 13, 5, 42, 2, -76, -22, 46, 119, 7]
[0, 0, 0, 33, -26, -86, -49, -42, -112, -6, -59, 71, -60, 65, -74, 56, 9, -28, -115, 74, 85, 99, -36, 69, 96, 64, -82, -28, 126, 77, -86, 95, -62, 123, 113, -29, -117, 64, -126, -23, -49, -76, -12, -97]
[0, 0, 0, 49, 80, 84, 42, 116, -48, 121, -58, 76, -107, -81, -7, 84, -11, -83, 33, 43, -93, -26, 54, -41, 32, 3, 117, 22, -21, -43, 1, 96, -94, -29, 74, -54, 87, 65, 15, -66, 81, 8, -52, 92, 4, 4, -46, -57, 21, 17, -75, 84, 38, -125, -78, 78, -51, 80, -110, 108]
[0, 0, 0, 65, -94, -95, -40, -93, 43, 94, -39, 32, -14, -31, 37, -42, -66, 46, 72, -22, -14, 90, -127, 52, 79, -101, -82, 52, -110, 15, 67, 82, -14, -115, -46, 70, 126, -8, 22, -5, -42, -55, 33, 5, -62, -113, 27, 34, -85, 97, -18, -7, 109, 25, -38, 24, -8, 15, 127, 0, -9, -28, -5, -70, -29, 115, -59, -5, -113, 51, -105, 29, -9, -96, 108, -103]
[0, 0, 0, 39, -123, -15, -120, 91, 78, 20, -41, 122, 61, 80, 10, -106, -22, 120, -35, 3, 27, -30, -114, 30, -72, 47, 83, -69, -39, 67, 104, -75, 95, -117, 92, -42, -90, 20, -120, -19, -79, 75, -106, -2]
[0, 0, 0, 49, 100, -11, -28, -74, -110, -115, -117, 49, -35, -9, 23, 62, -109, -40, 82, -60, -111, 52, -86, 83, 37, -116, 48, -28, -114, -127, -8, 86, 57, -34, -9, 48, 16, -21, 22, -53, -80, -39, -86, 7, 57, -96, 78, 81, -70, 13, -110, -27, -113, 51, -105, 29, -9, -96, 108, -103]
[0, 0, 0, 52, 59, -7, -117, 32, -60, -94, 13, -78, 18, -77, 15, -14, 116, 1, -63, -74, -21, 21, -28, -57, -37, 78, -91, 32, -113, 50, -31, 22, -108, 110, 105, 25, -90, 117, -101, -76, -15, 3, 22, 38, 65, 116, 25, -104, 39, -33, 117, 114, 82, -19, -67, 69, 89, -87, 115, 90]
[0, 0, 0, 74, 65, -109, -84, -17, -77, -119, -114, -126, -124, -48, -89, 33, 75, 105, 29, 15, -93, 85, -70, -70, 108, 101, -24, 3, -22, 90, 122, -47, 75, 44, 75, 46, -85, -90, 71, 40, -22, -110, -96, -118, 32, -112, -15, -45, 28, 54, -17, 81, 108, -33, 120, 104, -111, -95, 74, -69, 46, 93, 114, -99, -83, 64, 42, 106, 13, 46, 44, -82, 63, -77, -70, 80, -125, -7, -98, 80, 93, 79, 45, 75]
[0, 0, 0, 46, 7, 2, -119, -73, -100, -28, -12, 39, 5, 74, -17, 64, -9, -17, 43, -99, 121, 18, 116, -32, -47, -10, 60, -124, -11, -76, -37, -66, 103, 59, 48, 62, -102, 94, -34, 77, 88, -71, 98, -66, 102, 14, -40, -54, 54, -64, 82, -65]
[0, 0, 0, 50, -105, -53, 41, 81, 77, 80, -115, -110, -30, -103, -12, -127, -75, -99, 63, -9, 57, -124, 96, -108, -102, -102, 51, 14, -57, 36, -10, -105, -48, -93, 24, -30, 22, -57, -121, 49, -65, 68, -53, -106, -103, -108, 114, 52, -23, -20, -66, -35, -125, -7, -98, 80, 93, 79, 45, 75]
[0, 0, 0, 51, -73, -40, 14, -104, -85, 74, -48, 43, 37, -18, -23, -89, -34, 101, -14, 0, 59, -109, -60, -118, 66, -34, 41, 86, 107, -98, -38, -41, 79, -112, 60, 3, 113, -121, 65, 114, -58, 109, 68, 62, 121, -1, -127, -9, 22, 89, 89, 112, 82, -47, -114, 114, -93, 127, -20, 69]
[0, 0, 0, 69, 66, 112, 70, -124, 16, -60, -49, 115, -32, -101, 53, 102, -80, -89, 21, -40, 98, -27, -80, -84, -4, -37, -42, -14, -84, 42, -51, -68, 40, -49, -113, 114, 7, 50, 70, -19, -57, -28, 34, -31, 81, -128, 5, 67, -68, 35, -53, 3, -40, 51, 28, 26, 79, 77, -111, 37, 98, -73, -51, -104, -98, -110, 95, -26, 108, 41, -106, 75, -114, -39, 43, 73]
[0, 0, 0, 86, 50, 33, -1, 19, -19, 87, 7, -25, -90, -24, 98, 69, -39, 43, -9, 37, 97, 93, 47, -22, -61, 59, 88, -46, 85, -124, -96, 66, -57, -126, -95, -101, -62, -120, 2, 14, -53, -121, 126, 35, -125, -38, 78, 103, 50, 71, 42, -14, -87, -107, -45, 38, 123, 111, 25, -29, 125, 123, -91, 116, 26, -104, 79, -49, 12, -55, -75, 21, 108, 26, 16, -116, 127, -51, -23, -126, -22, 63, -40, -20, 38, -51, -85, 54, -125, -82, -22, -91]
[0, 0, 0, 24, -101, -29, 15, -7, 89, -14, -45, 20, 112, -42, 109, -14, 17, -91, 29, 85, 12, 108, 127, 55, 17, 68, -102, -104]
[0, 0, 0, 49, 86, 100, -53, 13, 70, 92, -84, 10, -52, 104, 55, 39, 94, -38, -83, 12, 105, -5, 64, 90, 109, 62, 84, -125, 108, -23, 18, -35, -54, -21, 127, -103, -114, 119, 37, -127, -30, 94, 28, 81, 84, 3, 29, -125, 43, -62, 65, -42, 70, 108, -119, 43, 100, -41, -85, -113]
[0, 0, 0, 38, -23, 125, -38, -45, 7, 66, -107, 106, 122, 85, -95, 11, 6, -84, 54, 96, 53, -6, 109, -11, -13, 44, -117, 102, 41, -119, 84, -126, -58, 111, 2, 102, -118, 97, -47, 51, -20, 92, 120, -78]
[0, 0, 0, 54, -53, -28, 75, -75, 85, -125, 91, -68, 2, -61, 85, 100, -50, 36, -58, -43, -45, -26, -41, -96, -83, 63, -50, 115, 22, 34, 49, -102, 31, -81, 84, -46, -109, 35, -95, -50, 0, 90, -70, 25, -30, 69, -105, 16, 32, -20, 60, -48, -105, 66, 79, 64, 74, -12, -85, -15]
[0, 0, 0, 41, 23, 58, -62, -103, 99, -3, -50, 106, -40, -70, 110, -116, 25, 64, 86, -28, -51, 50, -11, 51, 39, 4, -79, 76, -58, 29, -38, -9, 54, 21, -112, 38, 90, 80, -48, -71, -18, -5, 91, 61, 127, 83, 23, 83, -74, 58, 77, -54]
[0, 0, 0, 49, 86, 100, -53, 13, 70, 92, -84, 10, -52, 104, 55, 39, 94, -38, -83, 12, 105, -5, 64, 90, 109, 62, 84, -125, 108, -23, 18, -35, -54, -21, 127, -103, -114, 119, 37, -127, -30, 94, 28, 81, 84, 3, 29, -125, 43, -62, 65, -42, 70, 108, -119, 43, 100, -41, -85, -113]
[0, 0, 0, 38, -23, 125, -38, -45, 7, 66, -107, 106, 122, 85, -95, 11, 6, -84, 54, 96, 53, -6, 109, -11, -13, 44, -117, 102, 41, -119, 84, -126, -58, 111, 2, 102, -118, 97, -47, 51, -20, 92, 120, -78]
[0, 0, 0, 54, -53, -28, 75, -75, 85, -125, 91, -68, 2, -61, 85, 100, -50, 36, -58, -43, -45, -26, -41, -96, -83, 63, -50, 115, 22, 34, 49, -102, 31, -81, 84, -46, -109, 35, -95, -50, 0, 90, -70, 25, -30, 69, -105, 16, 32, -20, 60, -48, -105, 66, 79, 64, 74, -12, -85, -15]
[0, 0, 0, 41, 23, 58, -62, -103, 99, -3, -50, 106, -40, -70, 110, -116, 25, 64, 86, -28, -51, 50, -11, 51, 39, 4, -79, 76, -58, 29, -38, -9, 54, 21, -112, 38, 90, 80, -48, -71, -18, -5, 91, 61, 127, 83, 23, 83, -74, 58, 77, -54]
[0, 0, 0, 10, 86, 100, -53, 13, 70, 92, -84, 10, -125, -7, -98, 80, 93, 79, 45, 75]
[0, 0, 0, 45, 68, 103, 15, 74, 45, 28, -42, 39, -16, 27, -48, -73, -103, 116, -97, -118, 88, 60, -30, -20, 1, -94, -125, 118, -53, 30, 42, 15, 42, -35, 125, 32, -52, 22, 68, -90, -105, -105, -31, 20, -68, -35, -40, 108, -36, 92, -63, 93]
[0, 0, 0, 52, -80, 11, -95, 39, -79, -87, 54, -9, -98, 29, -20, -13, 72, 30, 114, 124, 79, 111, -32, -104, -33, -49, 25, -34, -32, 9, -14, 126, -49, -66, 104, 22, 127, 117, -32, 92, 9, 36, 31, -84, 58, -92, 110, -31, 59, -109, 96, -111, 22, 124, 48, -37, 98, 94, -73, -55]
[0, 0, 0, 52, -9, 30, -60, -41, 61, 48, 115, -115, -96, 24, -1, 37, -103, 19, -24, -13, -108, 108, 104, 21, 64, -114, -43, -53, -113, -19, 105, -52, 5, 0, 57, -98, 48, 31, 114, -111, -38, 86, 23, -41, 92, -89, 56, -99, 78, -111, 114, 69, 62, 86, 115, 92, 75, -69, 110, -56]
[0, 0, 0, 49, -27, -128, 72, -14, 25, 12, 40, -90, 87, -80, -31, 20, -68, 58, -35, -117, -1, 43, 105, -106, -122, 62, -106, -18, -41, 40, -8, 39, 10, -44, -73, -10, -71, 9, -108, 124, -35, 22, -16, -63, -36, -11, -6, -40, 54, -89, -25, 91, 127, 83, 23, 83, -74, 58, 77, -54]
[0, 0, 0, 55, -91, -100, 79, -58, -97, 37, -69, -70, -89, -46, 54, 125, 104, -15, -28, -111, 110, 60, -60, 64, 110, -63, -34, -112, 10, -82, -67, 127, -25, -42, 79, 58, -55, 93, 99, 94, -72, -126, 105, -57, 22, -67, -77, -47, -20, 52, 64, 22, 70, -114, -52, 16, 31, -74, 48, -5]
[0, 0, 0, 45, -64, -118, 82, -9, -107, 122, -35, -51, -57, 13, 47, 113, -4, 13, 22, 66, 4, 95, 82, -42, -112, 62, -86, 116, 104, -111, -66, -27, 103, -60, 101, 3, 47, -96, 31, 103, 57, 15, 10, -37, -110, -47, -64, -71, -81, 80, -19, -99]
[0, 0, 0, 36, 12, 64, 115, -124, 94, -17, -71, 94, 51, -74, 86, 4, 3, 28, 61, -61, -119, -15, -100, -73, 90, 25, -24, -6, -11, 68, 21, 120, -103, -119, 125, 50, 89, -65, -98, -83, 98, -57, 72, -128]
[0, 0, 0, 40, 80, 62, -5, -112, 36, -2, 42, 29, 84, -98, -91, 80, -102, -5, 6, -80, -44, -12, 82, -30, 57, -4, -83, -89, 107, -56, -86, -42, 126, 27, 85, -25, -19, 49, 100, 39, -58, 107, 27, -90]
[0, 0, 0, 42, 43, 93, -101, 73, -68, 115, 107, 89, 5, 23, 110, 45, -2, 39, -36, 62, -93, 52, -72, -110, 124, 75, -112, 74, 3, 73, -36, -112, -85, -82, -20, 108, 57, -5, 8, 127, -37, 7, -88, -10, -51, 66, 83, -95, -23, -71, -124, 40]
[0, 0, 0, 74, 114, 70, -49, -128, 50, -45, -9, 88, -85, 69, -90, -115, 91, -79, 65, -46, 90, -29, 62, -6, -31, 114, 79, -64, 46, -111, 54, -116, -113, 70, 68, 3, -53, -11, 61, 122, -75, -13, 47, -42, 50, -81, -102, 127, -83, -82, -34, -66, 125, 81, -95, 118, 95, 108, 38, 83, -66, -62, -44, 4, 18, 70, -64, 44, -57, 33, 125, 57, -38, 100, -59, 62, 50, 68, 39, -38, 110, -56, -112, -121]
[0, 0, 0, 41, 61, -57, -83, -91, -40, 97, 11, 97, -71, 98, 18, 72, 50, -14, -23, 119, 7, 12, -66, 22, 23, 59, -74, -24, 43, 27, -119, -82, 50, 109, -19, -51, 107, -72, 68, 100, 4, 113, -44, -46, 38, -125, -78, 78, -51, 80, -110, 108]
[0, 0, 0, 43, 44, 106, 86, 104, -13, 9, -62, 24, 30, -13, 44, -30, -22, -64, -39, 38, 34, 62, 91, -106, 100, -67, -88, 90, -74, 56, -34, 92, 59, 85, 117, 32, 81, 16, -120, 106, -72, 69, -2, -46, 50, 18, 8, -90, 71, 55, -88, -36]
[0, 0, 0, 63, -104, 4, -31, -92, -61, -54, 13, -51, -91, -70, -41, 29, -5, 23, 94, 8, -33, 43, -58, 18, 96, 103, -86, 11, 78, -3, 112, 77, -92, 122, -9, 117, -62, -126, 107, -106, -19, -79, 51, 102, 79, 30, -46, 26, 107, 25, -85, 62, -30, 29, 63, 86, 125, 10, -29, 84, -62, 16, -43, -100, -71, -105, -121, 31]
[0, 0, 0, 65, 15, 76, -48, -93, -81, -60, 71, 4, 12, 79, 43, -55, -64, 2, -43, 91, -127, -119, -23, 37, -122, -124, 94, -49, 110, -97, -17, 15, 124, 45, 15, 76, 40, -48, -90, -95, 85, -32, 38, 39, 71, 105, -99, 67, -127, 1, -57, -83, 86, 100, 86, 100, 103, -118, -84, 24, -73, -114, -50, -100, -25, 44, -56, 54, -14, -23, -23, -48, -104, 21, -88, -111]
[0, 0, 0, 43, 46, 28, -1, -79, -42, -32, -91, 49, 76, -65, 107, 9, 84, -21, 32, 102, -14, 100, 19, 124, 58, 52, 25, 39, 12, -67, 115, -12, 4, -66, 90, 120, -17, 97, -106, 82, 119, -41, -71, 119, 2, 15, 69, -105, 125, -56, 3, 34]
[0, 0, 0, 59, 46, 84, 14, -34, -46, 6, 27, -119, -92, -96, 104, 51, 125, -5, 59, -52, -59, 23, 9, -24, -15, -74, 56, 0, -70, -124, -20, -45, -125, -55, -35, 45, -19, -85, 45, -38, -117, 78, 29, -16, -110, 21, 99, 121, 33, -6, 74, -48, 11, -32, 27, -110, 50, -1, -23, -18, 127, 31, -93, -7, -101, 48, 70, 40]
[0, 0, 0, 49, -77, 31, 49, 120, 105, 75, -110, -109, -89, -43, -45, 26, 48, -106, 48, 55, -26, 91, 95, 88, -112, -99, -106, 29, -52, 30, -114, 57, 39, -4, -123, 98, -32, 122, 46, 108, -65, -51, -118, -104, -7, 62, 19, 3, 58, -107, -13, -66, 70, 108, -119, 43, 100, -41, -85, -113]
[0, 0, 0, 45, -63, 80, -34, -83, 111, -36, 68, -97, 109, -99, -1, 27, -91, 41, 107, 121, 92, 43, 115, -45, -68, 65, 112, -30, 14, 112, 37, 77, 41, -103, -24, -76, 27, 86, -107, -92, -102, 106, -97, -105, -57, -39, 48, 120, -29, -9, -47, 70]
[0, 0, 0, 54, 83, -115, -108, 32, 39, -123, -18, -119, -47, -82, -15, 86, 23, -20, 6, -41, -52, 64, 18, 66, -123, 10, 15, 119, 19, -102, -10, -40, 16, -37, 4, 46, 87, -57, 101, -78, -26, 77, 34, -61, 92, 8, 83, -99, -105, -2, -22, 92, 109, 112, 61, 46, -92, 47, -103, 9]
[0, 0, 0, 79, 96, -107, -25, 52, -71, -116, -4, -19, -61, 38, -115, -107, -41, -26, -122, 31, 106, -72, 64, -101, -15, 57, 74, 40, -15, 118, 92, 13, 0, 122, -4, 48, 105, -118, 13, -13, -108, 76, -105, 108, 99, 62, -18, -67, 101, -63, 121, 99, 57, 117, -16, 60, 115, -99, -14, -91, 49, 127, 98, -72, 64, -87, -42, 37, 8, 127, -17, 43, 121, -55, 33, 81, 31, 5, 58, 25, 28, -79, -126, -111]
[0, 0, 0, 24, -89, -52, 52, 67, -73, -77, -84, 126, 120, 122, -113, -21, -105, -42, 40, 10, -14, -88, -97, 49, 64, 3, -26, 19]
[0, 0, 0, 62, 33, -84, -69, -33, -8, -91, -51, -77, -20, 45, 116, -9, -37, 41, 89, -24, 13, 103, -75, -67, -98, 113, 68, 48, -8, 33, -37, -120, -66, 28, 50, -98, 3, -120, 46, 115, -40, -31, -45, -63, 58, -83, 84, 121, -35, 42, 27, -80, 35, 111, -31, -9, 62, -62, -81, 47, -6, -72, -79, 57, 38, -30, 113, -105]
[0, 0, 0, 49, 86, 100, -53, 13, 70, 92, -84, 10, -52, 104, 55, 39, 94, -38, -83, 12, 105, -5, 64, 90, 109, 62, 84, -125, 108, -23, 18, -35, -54, -21, 127, -103, -114, 119, 37, -127, -30, 94, 28, 81, 84, 3, 29, -125, 43, -62, 65, -42, 70, 108, -119, 43, 100, -41, -85, -113]
[0, 0, 0, 38, -23, 125, -38, -45, 7, 66, -107, 106, 122, 85, -95, 11, 6, -84, 54, 96, 53, -6, 109, -11, -13, 44, -117, 102, 41, -119, 84, -126, -58, 111, 2, 102, -118, 97, -47, 51, -20, 92, 120, -78]
[0, 0, 0, 54, -53, -28, 75, -75, 85, -125, 91, -68, 2, -61, 85, 100, -50, 36, -58, -43, -45, -26, -41, -96, -83, 63, -50, 115, 22, 34, 49, -102, 31, -81, 84, -46, -109, 35, -95, -50, 0, 90, -70, 25, -30, 69, -105, 16, 32, -20, 60, -48, -105, 66, 79, 64, 74, -12, -85, -15]
[0, 0, 0, 41, 23, 58, -62, -103, 99, -3, -50, 106, -40, -70, 110, -116, 25, 64, 86, -28, -51, 50, -11, 51, 39, 4, -79, 76, -58, 29, -38, -9, 54, 21, -112, 38, 90, 80, -48, -71, -18, -5, 91, 61, 127, 83, 23, 83, -74, 58, 77, -54]
[0, 0, 0, 49, 86, 100, -53, 13, 70, 92, -84, 10, -52, 104, 55, 39, 94, -38, -83, 12, 105, -5, 64, 90, 109, 62, 84, -125, 108, -23, 18, -35, -54, -21, 127, -103, -114, 119, 37, -127, -30, 94, 28, 81, 84, 3, 29, -125, 43, -62, 65, -42, 70, 108, -119, 43, 100, -41, -85, -113]
[0, 0, 0, 38, -23, 125, -38, -45, 7, 66, -107, 106, 122, 85, -95, 11, 6, -84, 54, 96, 53, -6, 109, -11, -13, 44, -117, 102, 41, -119, 84, -126, -58, 111, 2, 102, -118, 97, -47, 51, -20, 92, 120, -78]
[0, 0, 0, 54, -53, -28, 75, -75, 85, -125, 91, -68, 2, -61, 85, 100, -50, 36, -58, -43, -45, -26, -41, -96, -83, 63, -50, 115, 22, 34, 49, -102, 31, -81, 84, -46, -109, 35, -95, -50, 0, 90, -70, 25, -30, 69, -105, 16, 32, -20, 60, -48, -105, 66, 79, 64, 74, -12, -85, -15]
[0, 0, 0, 41, 23, 58, -62, -103, 99, -3, -50, 106, -40, -70, 110, -116, 25, 64, 86, -28, -51, 50, -11, 51, 39, 4, -79, 76, -58, 29, -38, -9, 54, 21, -112, 38, 90, 80, -48, -71, -18, -5, 91, 61, 127, 83, 23, 83, -74, 58, 77, -54]
[0, 0, 0, 10, 86, 100, -53, 13, 70, 92, -84, 10, -125, -7, -98, 80, 93, 79, 45, 75]
[0, 0, 0, 45, -35, 52, 40, 23, -88, -52, 107, 116, -78, 74, 45, 112, -13, -57, -46, 25, 8, -104, 106, -72, -32, -105, -80, -68, 88, 39, 99, -36, -101, 52, -126, 59, 50, -99, -98, 10, 93, 37, -48, -126, -27, -73, 21, -37, -96, 63, 102, -4]
